숙대소반 돈가스 4 14 7000 10.500000 20.500000 14.500000 15.500000
까치네 오므라이스 4 18 8000 11.000000 21.000000 24.000000 0.000000
음식미담 김치가츠나베돈가스 4 8 6000 11.000000 21.000000 24.000000 0.000000
음식미담 오므라이스 4 8 6500 11.000000 21.000000 24.000000 0.000000
음식미담 돈가스 4 8 7000 11.000000 21.000000 24.000000 0.000000
무모한초밥 알뜰모둠초밥 4 10 8900 11.000000 21.000000 24.000000 0.000000
무모한초밥 알뜰광어초밥 4 10 14900 11.000000 21.000000 24.000000 0.000000
무모한초밥 알뜰연어초밥 4 10 14900 11.000000 21.000000 24.000000 0.000000
무모한초밥 알뜰장어초밥 4 10 11500 11.000000 21.000000 24.000000 0.000000
무모한초밥 알뜰새우장초밥 4 10 11500 11.000000 21.000000 24.000000 0.000000
스시사이꼬 런치점심초밥 4 20 10000 11.500000 23.000000 15.000000 16.500000
스시사이꼬 캘리포니아롤 4 20 10000 11.500000 23.000000 15.000000 16.500000
스시사이꼬 연어롤 4 20 12000 11.500000 23.000000 15.000000 16.500000
스시사이꼬 사케동 4 20 12000 11.500000 23.000000 15.000000 16.500000
스시사이꼬 생연어덮밥 4 20 11000 11.500000 23.000000 15.000000 16.500000
닌자초밥 모듬초밥 4 18 10000 11.000000 21.000000 14.500000 16.000000
닌자초밥 특선초밥 4 18 16000 11.000000 21.000000 14.500000 16.000000
닌자초밥 연어초밥 4 18 20000 11.000000 21.000000 14.500000 16.000000
닌자초밥 광어연어초밥 4 18 19000 21.000000 14.500000 16.000000 15.000000
닌자초밥 모듬회덮밥 4 18 10000 21.000000 14.500000 16.000000 15.000000
이춘복참치 회덮밥 4 36 10000 11.000000 24.000000 14.500000 16.500000
이춘복참치 사케동 4 36 13000 11.000000 24.000000 14.500000 16.500000
이춘복참치 카이센동 4 36 17000 11.000000 24.000000 14.500000 16.500000
이춘복참치 에비텐동 4 36 10000 11.000000 24.000000 14.500000 16.500000
이춘복참치 정식 4 36 17000 11.000000 24.000000 14.500000 16.500000
모미모미 연어사시미정식 4 16 15000 11.000000 19.000000 24.000000 0.000000
모미모미 연어덮밥 4 16 13000 11.000000 19.000000 24.000000 0.000000
모미모미 연어샐러드 4 16 13000 11.000000 19.000000 24.000000 0.000000
모미모미 연어초밥 4 16 16000 11.000000 19.000000 24.000000 0.000000
이자와 규카츠정식 4 14 15000 11.000000 22.000000 24.000000 0.000000
이자와 스테키동 4 14 13000 11.000000 22.000000 24.000000 0.000000
이자와 돈토로동 4 14 10000 11.000000 22.000000 24.000000 0.000000
이자와 마제소바 4 14 9000 11.000000 22.000000 24.000000 0.000000
이자와 바질라멘 4 14 9000 11.000000 22.000000 24.000000 0.000000
긴자료꼬 돈까스 4 14 9500 11.500000 21.500000 16.000000 17.000000
긴자료꼬 가츠동 4 14 8000 11.500000 21.500000 16.000000 17.000000
긴자료꼬 오야꼬동 4 14 8000 11.500000 21.500000 16.000000 17.000000
긴자료꼬 규동 4 14 7500 11.500000 21.500000 16.000000 17.000000
긴자료꼬 카레라이스 4 14 7500 11.500000 21.500000 16.000000 17.000000
긴자료꼬 카레우동 4 14 8500 11.500000 21.500000 16.000000 17.000000
긴자료꼬 명란크림우동 4 14 9000 11.500000 21.500000 16.000000 17.000000
츄르츄르 츄라멘 4 20 7500 11.500000 21.500000 24.000000 0.000000
츄르츄르 차슈멘 4 20 8500 11.500000 21.500000 24.000000 0.000000
츄르츄르 연어스시 4 20 13000 11.500000 21.500000 24.000000 0.000000
작은도쿄 작은도쿄텐동 4 22 12000 11.500000 21.000000 14.500000 17.000000
작은도쿄 에비텐동 4 22 13000 11.500000 21.000000 14.500000 17.000000
작은도쿄 특상텐동 4 22 16000 11.500000 21.000000 14.500000 17.000000
가문의우동 가츠동 4 6 7000 10.000000 20.000000 24.000000 0.000000
가문의우동 돈가츠나베 4 6 8000 10.000000 20.000000 24.000000 0.000000
가문의우동 돈가츠 4 6 8500 10.000000 20.000000 24.000000 0.000000
가문의우동 모듬가츠 4 6 11000 10.000000 20.000000 24.000000 0.000000
가문의우동 김치냄비우동 4 6 8000 10.000000 20.000000 24.000000 0.000000
가문의우동 우동 4 6 6000 10.000000 20.000000 24.000000 0.000000
경성돈카츠 등심돈카츠 4 18 8500 11.500000 20.000000 14.500000 16.500000
경성돈카츠 치즈돈카츠 4 18 11000 11.500000 20.000000 14.500000 16.500000
경성돈카츠 모듬돈카츠 4 18 13000 11.500000 20.000000 14.500000 16.500000
경성돈카츠 우동 4 18 8000 11.500000 20.000000 14.500000 16.500000
경성돈카츠 카레덮밥 4 18 8500 11.500000 20.000000 14.500000 16.500000
종로김밥 돈가스 4 6 7500 10.000000 20.000000 24.000000 0.000000
종로김밥 해물볶음우동 4 6 7000 10.000000 20.000000 24.000000 0.000000
빨봉분식 빨본돈가스 4 6 7000 11.000000 22.000000 24.000000 0.000000
빨봉분식 오므라이스 4 6 6500 11.000000 22.000000 24.000000 0.000000
