숙대소반 뚝불 1 14 8000 10.5 20.5 14.5 15.5 1 1
숙대소반 뚝제육 1 14 7500 10.5 20.5 14.5 15.5 1 2
숙대소반 쫄면순두부 1 14 5500 10.5 20.5 14.5 15.5 1 3
숙대소반 치즈알밥 1 14 6500 10.5 20.5 14.5 15.5 1 4
숙대소반 돈가스 4 14 7000 10.5 20.5 14.5 15.5 1 5
까치네 돈가스+쫄순 1 18 10000 11 21 24 0 2 6
까치네 치킨+돈가스+쫄순 1 18 10500 11 21 24 0 2 7 
까치네 쫄순+치즈알밥 1 18 10000 11 21 24 0 2 8
까치네 김치볶음밥 1 18 8000 11 21 24 0 2 9
까치네 오므라이스 4 18 8000 11 21 24 0 2 10
음식미담 갈릭김치치즈 1 8 6500 11 21 24 0 3 11
음식미담 김치가츠나베돈가스 4 8 6000 11 21 24 0 3 12 
음식미담 오므라이스 4 8 6500 11 21 24 0 3 13 
음식미담 나시고랭 6 8 7000 11 21 24 0 3 14
음식미담 돈가스 4 8 7000 11 21 24 0 3 15
행복은간장밥 간장연새덮밥 1 6 10900 10 21.5 24 0 4 16 
행복은간장밥 간장연어덮밥 1 6 12400 10 21.5 24 0 4 17
행복은간장밥 간장새우덮밥 1 6 8400 10 21.5 24 0 4 18
행복은간장밥 족발장조림덮밥 1 6 8900 10 21.5 24 0 4 19
행복은간장밥 소고기장조림비빔밥 1 6 7400 10 21.5 24 0 4 20 
길목식당 청국장 1 16 8000 9 21 24 0 5 21 
길목식당 김치찌개 1 16 8000 9 21 24 0 5 22
길목식당 비빔밥 1 16 8000 9 21 24 0 5 23
길목식당 생선구이 1 16 9000 9 21 24 0 5 24
길목식당 생선조림 1 16 9000 9 21 24 0 5 25
길목식당 부대찌개 1 16 9000 9 21 24 0 5 26
길목식당 제육볶음 1 16 9000 9 21 24 0 5 27
고수찜닭 찜닭1-2인분 1 16 20000 10.5 22.5 24 0 6 28 
고수찜닭 찜닭3-4인분 1 16 30000 10.5 22.5 24 0 6 29
고수찜닭 찜닭4-5인분 1 16 40000 10.5 22.5 24 0 6 30
어바웃샤브 돈등심샤브 1 18 11000 10.5 22 24 0 7 31
어바웃샤브 버섯샤브 1 18 11000 10.5 22 24 0 7 32
어바웃샤브 쇠고기샤브 1 18 12000 10.5 22 24 0 7 33
어바웃샤브 낙지샤브 1 18 17000 10.5 22 24 0 7 34
어바웃샤브 한우샤브 1 18 17000 10.5 22 24 0 7 35
백채김치찌개 김치찌개 1 16 9000 11 22 15 15.5 8 36
백채김치찌개 통돼지두루치기 1 16 10000 11 22 15 15.5 8 37
육쌈냉면 물냉면 1 12 8000 11 22 15.5 16.5 9 38
육쌈냉면 비빔냉면 1 12 8000 11 22 15.5 16.5 9 39
육쌈냉면 설쌈제육 1 12 8000 11 22 15.5 16.5 9 40
육쌈냉면 김치찌개 1 12 8500 11 22 15.5 16.5 9 41
진함흥면옥 회냉면 1 16 9000 11 19.5 24 0 10 42
진함흥면옥 비빔냉면 1 16 8000 11 19.5 24 0 10 43
진함흥면옥 물냉면 1 16 8000 11 19.5 24 0 10 44
진함흥면옥 갈비탕 1 16 12000 11 19.5 24 0 10 45
진함흥면옥 콩나물국밥 1 16 8000 11 19.5 24 0 10 46
갯마을 해물칼국수 1 16 7000 11 21 24 0 11 47
갯마을 새싹비빔밥 1 16 7000 11 21 24 0 11 48
갯마을 왕만두전골 1 16 9000 11 21 24 0 11 49
만나칼국수 바지락칼국수 1 16 8000 11 20 15 17 12 50
만나칼국수 알고니칼국수 1 16 9000 11 20 15 17 12 51
만나칼국수 김치만두칼국수 1 16 9000 11 20 15 17 12 52
만나칼국수 돼지수육한접시 1 16 10000 11 20 15 17 12 53
무모한초밥 알뜰모둠초밥 4 10 8900 11 21 24 0 13 54
무모한초밥 알뜰광어초밥 4 10 14900 11 21 24 0 13 55
무모한초밥 알뜰연어초밥 4 10 14900 11 21 24 0 13 56
무모한초밥 알뜰장어초밥 4 10 11500 11 21 24 0 13 57
무모한초밥 알뜰새우장초밥 4 10 11500 11 21 24 0 13 58
스시사이꼬 사이꼬특초밥 4 20 21000 11.5 23 15 16.5 14 59
스시사이꼬 런치점심초밥 4 20 10000 11.5 23 15 16.5 14 60
스시사이꼬 캘리포니아롤 4 20 10000 11.5 23 15 16.5 14 61
스시사이꼬 연어롤 4 20 12000 11.5 23 15 16.5 14 62
스시사이꼬 사케동 4 20 12000 11.5 23 15 16.5 14 63
스시사이꼬 생연어덮밥 4 20 11000 11.5 23 15 16.5 14 64
닌자초밥 모듬초밥 4 18 10000 11 21 14.5 16 15 65 
닌자초밥 특선초밥 4 18 16000 11 21 14.5 16 15 66
닌자초밥 연어초밥 4 18 20000 11 21 14.5 16 15 67
닌자초밥 광어연어초밥 4 18 19000 21 14.5 16 15 68
닌자초밥 모듬회덮밥 4 18 10000 21 14.5 16 15 69
이춘복참치 회덮밥 4 36 10000 11 24 14.5 16.5 16 70 
이춘복참치 사케동 4 36 13000 11 24 14.5 16.5 16 71
이춘복참치 카이센동 4 36 17000 11 24 14.5 16.5 16 72
이춘복참치 에비텐동 4 36 10000 11 24 14.5 16.5 16 73
이춘복참치 정식 4 36 17000 11 24 14.5 16.5 16 74
이춘복참치 대구탕 1 36 9000 11 24 14.5 16.5 16 75
모미모미 연어사시미정식 4 16 15000 11 19 24 0 17 76
모미모미 연어덮밥 4 16 13000 11 19 24 0 17 77
모미모미 연어샐러드 4 16 13000 11 19 24 0 17 78
모미모미 연어초밥 4 16 16000 11 19 24 0 17 79
이자와 규카츠정식 4 14 15000 11 22 24 0 18 80
이자와 스테키동 4 14 13000 11 22 24 0 18 81
이자와 돈토로동 4 14 10000 11 22 24 0 18 82
이자와 마제소바 4 14 9000 11 22 24 0 18 83
이자와 바질라멘 4 14 9000 11 22 24 0 18 84
긴자료꼬 돈까스 4 14 9500 11.5 21.5 16 17 19 85
긴자료꼬 가츠동 4 14 8000 11.5 21.5 16 17 19 86
긴자료꼬 오야꼬동 4 14 8000 11.5 21.5 16 17 19 87
긴자료꼬 규동 4 14 7500 11.5 21.5 16 17 19 88
긴자료꼬 카레라이스 4 14 7500 11.5 21.5 16 17 19 89 
긴자료꼬 카레우동 4 14 8500 11.5 21.5 16 17 19 90
긴자료꼬 명란크림우동 4 14 9000 11.5 21.5 16 17 19 91
츄르츄르 츄라멘 4 20 7500 11.5 21.5 24 0 20 92
츄르츄르 차슈멘 4 20 8500 11.5 21.5 24 0 20 93
츄르츄르 연어스시 4 20 13000 11.5 21.5 24 0 20 94
작은도쿄 작은도쿄텐동 4 22 12000 11.5 21 14.5 17 21 95
작은도쿄 에비텐동 4 22 13000 11.5 21 14.5 17 21 96
작은도쿄 특상텐동 4 22 16000 11.5 21 14.5 17 21 97 
가문의우동 가츠동 4 6 7000 10 20 24 0 22 98
가문의우동 돈가츠나베 4 6 8000 10 20 24 0 22 99
가문의우동 돈가츠 4 6 8500 10 20 24 0 22 100
가문의우동 모듬가츠 4 6 11000 10 20 24 0 22 101
가문의우동 김치냄비우동 4 6 8000 10 20 24 0 22 102
가문의우동 우동 4 6 6000 10 20 24 0 22 103 
아리랑컵밥 두부추 7 6 4500  8.5 19 14 17 23 104
아리랑컵밥 제육 7 6 4800 8.5 19 14 17 23 105
아리랑컵밥 연어 7 6 5900 8.5 19 14 17 23 106
아리랑컵밥 참치마요 7 6 4900 8.5 19 14 17 23 107
아리랑컵밥 묵은지참치 7 6 5300 8.5 19 14 17 23 108
아리랑컵밥 치킨마요 7 6 4000 8.5 19 14 17 23 109
지지고 라이스 7 6 4500 11 20 24 0 24 110
지지고 누들 7 6 4500 11 20 24 0 24 111
지지고 제육마요 7 6 4500 11 20 24 0 24 112
지지고 불고기마요 7 6 4500 11 20 24 0 24 113
경성돈카츠 등심돈카츠 4 18 8500  11.5 20 14.5 16.5 25 114 
경성돈카츠 치즈돈카츠 4 18 11000  11.5 20 14.5 16.5 25 115
경성돈카츠 모듬돈카츠 4 18 13000  11.5 20 14.5 16.5 25 116
경성돈카츠 우동 4 18 8000  11.5 20 14.5 16.5 25 117
경성돈카츠 카레덮밥 4 18 8500  11.5 20 14.5 16.5 25 118
알촌 순한알밥 1 18 3900 9 20.5 24 0 26 119
알촌 카레알밥 1 18 4700 9 20.5 24 0 26 120
알촌 갈릭알밥 1 18 4700 9 20.5 24 0 26 121
알촌 매콤제육 1 18 5300 9 20.5 24 0 26 122
알촌 그릴드치칸덮밥 1 18 5200 9 20.5 24 0 26 123
밥때 톳샐러드김밥 1 26 4000 8 18 24 0 27 124
밥때 참치김밥 1 26 3500 8 18 24 0 27 125
밥때 야채김밥 1 26 2500 8 18 24 0 27 126
밥때 진미채김밥 1 26 4000 8 18 24 0 27 127
밥때 제육김밥 1 26 4500 8 18 24 0 27 128
밥때 크레미김밥 1 26 4000 8 18 24 0 27 129 
한입소반(김밥) 묵은지참치김밥 1 20 4500 7 19 24 0 28 130 
한입소반(김밥) 매콤멸치김밥 1 20 4500 7 19 24 0 28 131
한입소반(김밥) 시래기김밥 1 20 4500 7 19 24 0 28 132
한입소반(김밥) 직화제육김밥 1 20 5500 7 19 24 0 28 133
한입소반(김밥) 크림치즈김밥 1 20 4500 7 19 24 0 28 134
종로김밥 라볶이 2 6 6000 10 20 24 0 29 135
종로김밥 돈가스 4 6 7500 10 20 24 0 29 136
종로김밥 제육덮밥 1 6 7500 10 20 24 0 29 137
종로김밥 쫄면 1 6 6500 10 20 24 0 29 138
종로김밥 참치김밥 1 6 4500 10 20 24 0 29 139
종로김밥 해물볶음우동 4 6 7000 10 20 24 0 29 140
계경순대국 순대국밥 1 26 8500 9 21 24 0 30 141
계경순대국 뼈해장국밥 1 26 9500 9 21 24 0 30 142
계경순대국 혼밥세트 1 26 14500 9 21 24 0 30 143
계경순대국 황태해장국밥 1 26 8500 9 21 24 0 30 144
계경순대국 만두국밥 1 26 9500 9 21 24 0 30 145 
비일 크림토마토파스타 3 10 9000 11.8 22 15 17 31 146
비일 시저샐러드 3 10 9000 11.8 22 15 17 31 147
비일 소콥샐러드 3 10 11000 11.8 22 15 17 31 148
비일 김치볶음밥 1 10 13000 11.8 22 15 17 31 149
비일 해산물리조또 3 10 12000 11.8 22 15 17 31 150
비일 바질리코타토마토 3 10 13000 11.8 22 15 17 31 151
비일 비프라구페투치니 3 10 13000 11.8 22 15 17 31 152
비일 뒥셀 3 10 13000 11.8 22 15 17 31 153
비일 해산물로제리가토니 3 10 13000 11.8 22 15 17 31 154
비일 보리새우 3 10 16000 11.8 22 15 17 31 155
비일 갈치속젓 3 10 14000 11.8 22 15 17 31 156
비일 옐로우까르보나라 3 10 14000 11.8 22 15 17 31 157
비일 치킨매콤로제리조또 3 10 14000 11.8 22 15 17 31 158
나폴리키친 아마트리치아나 3 10 11000 11 22 24 0 32 159
나폴리키친 라구미트파스타 3 10 12000 11 22 24 0 32 160
나폴리키친 오븐치즈라구파스타 3 10 12000 11 22 24 0 32 161
나폴리키친 쉬림프로제파스타 3 10 13000 11 22 24 0 32 162
나폴리키친 빠네까르보나라 3 10 13000 11 22 24 0 32 163
나폴리키친 만조크림파스타 3 10 13000 11 22 24 0 32 164
나폴리키친 파타타피자 3 10 15000 11 22 24 0 32 165
나폴리키친 마르게리타피자 3 10 15000 11 22 24 0 32 166
나폴리키친 디아볼라피자 3 10 15000 11 22 24 0 32 167
나폴리키친 콰트로풍기피자 3 10 15000 11 22 24 0 32 168
라리에또 리코타샐러드 3 10 8500 11.5 21 15 17 33 169
라리에또 카프레제 3 10 9800 11.5 21 15 17 33 170
라리에또 아라비아따펜네 3 10 11500 11.5 21 15 17 33 171
라리에또 토마토크림치즈펜네 3 10 12700 11.5 21 15 17 33 172
라리에또 토마토조개스파게티 3 10 12800 11.5 21 15 17 33 173
라리에또 치킨토마토스파게티 3 10 13300 11.5 21 15 17 33 174
라리에또 마일드토마토새우스파게티 3 10 14100 11.5 21 15 17 33 175
마시앤바시 크림에빠진새우 3 10 8000 11.8 22 15 17 34 176
마시앤바시 올리브오일쉬림프 3 10 10000 11.8 22 15 17 34 177
마시앤바시 시금치크림파스타 3 10 12000 11.8 22 15 17 34 178
마시앤바시 백김치크림파스타 3 10 12000 11.8 22 15 17 34 179
마시앤바시 시나몬포크 3 10 15000 11.8 22 15 17 34 180
마시앤바시 찹스테이크 3 10 16000 11.8 22 15 17 34 181
마시앤바시 규석쇠구이샐러드 3 10 16000 11.8 22 15 17 34 182
마시앤바시 차이나치킨 3 10 17000 11.8 22 15 17 34 183
마시앤바시 고투더치킨헬 3 10 18000 11.8 22 15 17 34 184
버거인 트러플감자튀김 3 14 3000 11 20 15 16.5 35 185
버거인 음료세트 3 14 3500 11 20 15 16.5 35 186
버거인 싱글버거 3 14 7500 11 20 15 16.5 35 187
버거인 하와이안버거 3 14 8000 11 20 15 16.5 35 188
버거인 지못미버거 3 14 8000 11 20 15 16.5 35 189
감배로니 파스타 3 14 8500 11 21 24 0 36 190
감배로니 수제피자 3 14 11000 11 21 24 0 36 191
감배로니 돈까스 3 14 8000 11 21 24 0 36 192
감배로니 철판볶음밥 1 14 8000 11 21 24 0 36 193
몬스터플레이스 플레인그릭요거트싱글 3 8 2500 8 20.5 24 0 37 194
몬스터플레이스 플레인그릭요거트더블 3 8 4000 8 20.5 24 0 37 195
몬스터플레이스 몬스터샐러드 3 8 6500 8 20.5 24 0 37 196
몬스터플레이스 파스타샐러드 3 8 7000 8 20.5 24 0 37 197
몬스터플레이스 닭가슴살샐러드 3 8 7500 8 20.5 24 0 37 198
몬스터플레이스 에그마요샐러드 3 8 6500 8 20.5 24 0 37 199
샐러디숙명여대점 양송이크림스프 3 6 3500 9 21 24 0 38 200
샐러디숙명여대점 시저치킨샐러드 3 6 6400 9 21 24 0 38 201
샐러디숙명여대점 멕시칸랩샌드위치 3 6 6500 9 21 24 0 38 202
샐러디숙명여대점 콥샐러드 3 6 6900 9 21 24 0 38 203
샐러디숙명여대점 우삼겹웜랩샌드위치 3 6 7200 9 21 24 0 38 204
샐러디숙명여대점 칠리베이컨웜볼 3 6 7400 9 21 24 0 38 205
샐러디숙명여대점 로스트닭다리살샐러디 3 6 8900 9 21 24 0 38 206
샐러디숙명여대점 탄단지샐러드 3 6 7900 9 21 24 0 38 207
샐러디숙명여대점 우삼겹샐러드 3 6 8200 9 21 24 0 38 208
샐러디숙명여대점 우삼겹웜볼 3 6 8200 9 21 24 0 38 209
샐러디숙명여대점 우삼겹메밀면샐러드 3 6 8900 9 21 24 0 38 210
샐러디숙명여대점 연어샐러드 3 6 9900 9 21 24 0 38 211
프랭크버거 프렌치프라이 3 6 2000 11 21 24 0 39 212
프랭크버거 치즈스틱 3 6 2500 11 21 24 0 39 213
프랭크버거 치즈프렌치프라이 3 6 3500 11 21 24 0 39 214
프랭크버거 쉬림프버거 3 6 3900 11 21 24 0 39 215
프랭크버거 프랭크버거 3 6 3900 11 21 24 0 39 216
프랭크버거 프랭크치즈버거 3 6 4900 11 21 24 0 39 217
프랭크버거 프랭크베이컨치즈버거 3 6 6300 11 21 24 0  39 218
프랭크버거 프랭크더블치즈버거 3 6 7300 11 21 24 0 39 219
프랭크버거 머쉬룸버거 3 6 7900 11 21 24 0 39 220
프랭크버거 JG버거 3 6 8900 11 21 24 0 39 221
민중의파스타 까르보나라 3 8 9000 11 21 24 0 40 222
민중의파스타 아마트리치아나 3 8 9000 11 21 24 0 40 223
민중의파스타 알리오올리오 3 8 9000 11 21 24 0 40 224
민중의파스타 뽀모도로 3 8 10000 11 21 24 0 40 225
민중의파스타 바질페스토 3 8 10000 11 21 24 0 40 226
민중의파스타 봉골레 3 8 11000 11 21 24 0 40 227
민중의파스타 명란로제파스타 3 8 11000 11 21 24 0 40 228
민중의파스타 시푸드빠에야 3 8 14000 11 21 24 0 40 229
피자보이시나 마가리타피자 3 6 9000 11.5 22 24 0 41 230
피자보이시나 베지터블피자 3 6 9900 11.5 22 24 0 41 231
피자보이시나 하와이언피자 3 6 10700 11.5 22 24 0 41 232
피자보이시나 페퍼로니피자 3 6 10700 11.5 22 24 0 41 233
피자보이시나 베이컨포테이토피자 3 6 13500 11.5 22 24 0 41 234
피자보이시나 랜치스파이스피자 3 6 13500 11.5 22 24 0 41 235
피자보이시나 베이컨체다피자 3 6 13500 11.5 22 24 0 41 236
피자보이시나 멕시칸비프피자 3 6 13500 11.5 22 24 0 41 237
피자보이시나 더블바베큐피자 3 6 13500 11.5 22 24 0 41 238
피자보이시나 직화불고기피자 3 6 13500 11.5 22 24 0 41 239
피자보이시나 핫앤프레쉬피자 3 6 13500 11.5 22 24 0 41 240
피자보이시나 핫스파이스피자 3 6 13500 11.5 22 24 0 41 241
써브웨이숙대점 베지 3 8 4400 8 22 24 0 42 242
써브웨이숙대점 에그마요 3 8 4900 8 22 24 0 42 243
써브웨이숙대점 햄 3 8 5200 8 22 24 0 42 244
써브웨이숙대점 참치 3 8 5200 8 22 24 0 42 245
써브웨이숙대점 터키 3 8 5900 8 22 24 0 42 246
써브웨이숙대점 미트볼 3 8 5900 8 22 24 0 42 247
써브웨이숙대점 비엠티 3 8 6000 8 22 24 0 42 248
써브웨이숙대점 이탈리안비엠티 3 8 6100 8 22 24 0 42 249
써브웨이숙대점 스파이시이탈리안 3 8 6300 8 22 24 0 42 250
써브웨이숙대점 치킨데리야끼 3 8 6400 8 22 24 0 42 251
써브웨이숙대점 스파이스쉬림프 3 8 6700 8 22 24 0 42 252
써브웨이숙대점 로스트치킨 3 8 6700 8 22 24 0 42 253
써브웨이숙대점 K-바베큐 3 8 6700 8 22 24 0 42 254
써브웨이숙대점 스파이스쉬림프아보카도 3 8 7300 8 22 24 0 42 255
써브웨이숙대점 스테이크앤치즈 3 8 7400 8 22 24 0 42 256
이태리면가게용산점 샐러드 3 10 4000 11.5 21 24 0 43 257
이태리면가게용산점 케이준치킨샐러드 3 10 6000 11.5 21 24 0 43 258
이태리면가게용산점 쉬림프필라프 3 10 9500 11.5 21 24 0 43 259
이태리면가게용산점 베이컨필라프 3 10 9500 11.5 21 24 0 43 260
이태리면가게용산점 날치알먹물리조또 3 10 9900 11.5 21 24 0 43 261
이태리면가게용산점 상하이크림파스타 3 10 9900 11.5 21 24 0 43 262
이태리면가게용산점 오이스터리조또 3 10 9900 11.5 21 24 0 43 263
이태리면가게용산점 쉬림프토마토리조또 3 10 9900 11.5 21 24 0 43 264
이태리면가게용산점 쉬림프로제리조또 3 10 10500 11.5 21 24 0 43 265
이태리면가게용산점 미트볼토마토리조또 3 10 10500 11.5 21 24 0 43 266
이태리면가게용산점 얼큰토마토해장파스타 3 10 10500 11.5 21 24 0 43 267
이태리면가게용산점 갈릭차돌알리오올리오 3 10 10800 11.5 21 24 0 43 268
이태리면가게용산점 빠네인더헤븐 3 10 13000 11.5 21 24 0 43 269
이태리면가게용산점 스테이크매콤크림파스타 3 10 13000 11.5 21 24 0 43 270
이태리면가게용산점 목살스테이크+샐러드 3 10 15000 11.5 21 24 0 43 271
이태리면가게용산점 함박스테이크+샐러드 3 10 16500 11.5 21 24 0 43 272
그린파스타숙대점 봉골레오일파스타 3 14 8900 11.5 22 24 0 44 273
그린파스타숙대점 핑크쉬림프파스타 3 14 8900 11.5 22 24 0 44 274
그린파스타숙대점 알리오올리오파스타 3 14 8900 11.5 22 24 0 44 275
그린파스타숙대점 새우칠리파스타 3 14 8900 11.5 22 24 0 44 276
그린파스타숙대점 버섯크림리조또 3 14 8900 11.5 22 24 0 44 277
그린파스타숙대점 까르보빠네 3 14 12900 11.5 22 24 0 44 278
그린파스타숙대점 고르곤졸라화덕피자 3 14 14000 11.5 22 24 0 44 279
그린파스타숙대점 마르게리따화덕피자 3 14 14000 11.5 22 24 0 44 280
그린파스타숙대점 페퍼로니피자 3 14 14900 11.5 22 24 0 44 281
그린파스타숙대점 샤포레나폴리피자 3 14 14900 11.5 22 24 0 44 282
요녀석 까르보나라파스타 3 16 9500 11 23 24 0 45 283
요녀석 새우알리오파스타 3 16 9500 11 23 24 0 45 284
요녀석 오이스터파스타 3 16 9500 11 23 24 0 45 285
요녀석 새우토마토파스타 3 16 10500 11 23 24 0 45 286
요녀석 새우크림파스타 3 16 10500 11 23 24 0 45 287
요녀석 해장파스타 3 16 10500 11 23 24 0 45 288
요녀석 치밥필라프 3 16 10500 11 23 24 0 45 289
요녀석 목살필라프 3 16 10500 11 23 24 0 45 290
요녀석 큐브스테이크필라프 3 16 10900 11 23 24 0 45 291
요녀석 샐러드파스타 3 16 10900 11 23 24 0 45 292
요녀석 베이컨크림뇨끼 3 16 11900 11 23 24 0 45 293
요녀석 트러플베이컨크림뇨끼 3 16 12900 11 23 24 0 45 294
요녀석 새우샐러드파스타 3 16 13900 11 23 24 0 45 295
요녀석 불고기샐러드파스타 3 16 13900 11 23 24 0 45 296
와코타코 치킨타코싱글 3 8 5500 10.5 21.5 24 0 46 297
와코타코 햄앤에그닭고기타코싱글 3 8 6000 10.5 21.5 24 0 46 298
와코타코 돈까스치즈살사타코싱글 3 8 6000 10.5 21.5 24 0 46 299
와코타코 치킨부리또싱글 3 8 5500 10.5 21.5 24 0 46 300
와코타코 불고기타코싱글 3 8 6500 10.5 21.5 24 0 46 301
와코타코 스테이크타코싱글 3 8 7500 10.5 21.5 24 0 46 302
와코타코 돈까스치즈부리또싱글 3 8 7500 10.5 21.5 24 0 46 303
와코타코 햄앤에그부리또싱글 3 8 7500 10.5 21.5 24 0 46 304
와코타코 불고기부리또싱글 3 8 8500 10.5 21.5 24 0 46 305
와코타코 스테이크부리또싱글 3 8 9500 10.5 21.5 24 0 46 306
와코타코 햄앤에그불고기타코싱글 3 8 6000 10.5 21.5 24 0 46 307
와코타코 돈까스치즈사워타코싱글 3 8 6000 10.5 21.5 24 0 46 308
와코타코 치킨부리또더블 3 8 9000 10.5 21.5 24 0 46 309
와코타코 돈까스치즈타코더블 3 8 10000 10.5 21.5 24 0 46 310
와코타코 불고기타코더블 3 8 11000 10.5 21.5 24 0 46 311
와코타코 스테이크타코더블 3 8 11000 10.5 21.5 24 0 46 312
리또리또 포테이토/콘추가 3 6 800 11 19 24 0 47 313
리또리또 어니언링스 3 6 2000 11 19 24 0 47 314
리또리또 기본브리또 3 6 4800 11 19 24 0 47 315
리또리또 치킨/믹스2 3 4800 11 19 24 0 47 316
리또리또 소 3 6 5000 11 19 24 0 47 317
리또리또 치킨텐더스 3 6 5200 11 19 24 0 47 318
정 고추짜장 5 6 6000 11 21 24 0 48 319
정 고추간짜장 5 6 7000 11 21 24 0 48 320
정 홍소탕면 5 6 9000 11 21 24 0 48 321
정 탕수육(소) 5 6 13000 11 21 24 0 48 322
정 깐풍기(소) 5 6 20000 11 21 24 0 48 323
탕화쿵푸 마라탕100g 5 2 1600 11 21 24 0 49 324
탕화쿵푸 마라빤100g 5 2 2000 11 21 24 0 49 325
탕화쿵푸 미니전 5 2 2000 11 21 24 0 49 326
탕화쿵푸 마라샹궈100g 5 2 3000 11 21 24 0 49 327
탕화쿵푸 꿔바로우 5 2 8000 11 21 24 0 49 328
미성중국관 마파두부 5 28 23000 11 23 24 0 50 329
미성중국관 딴딴면 5 28 8000 11 23 24 0 50 330
미성중국관 해물우동 5 28 8000 11 23 24 0 50 331
미성중국관 돈짬뽕 5 28 8000 11 23 24 0 50 332
미성중국관 차돌박이짬뽕 5 28 8000 11 23 24 0 50 333
미성중국관 볶음짜장면 5 28 9000 11 23 24 0 50 334
미성중국관 어향가지밥 5 28 9000 11 23 24 0 50 335
미성중국관 삼선볶음밥 5 28 10000 11 23 24 0 50 336
미성중국관 xo장게살볶음밥 5 28 12000 11 23 24 0 50 337
미성중국관 주방장특선전복짬뽕 5 28 14000 11 23 24 0 50 338
미성중국관 유산슬밥 5 28 15000 11 23 24 0 50 339
미성중국관 잡탕밥 5 28 15000 11 23 24 0 50 340
미성중국관 송이소고기덮밥 5 28 18000 11 23 24 0 50 341
아뵤오반점 옛날유니짜장 5 5000 4 11 21 24 0 51 342
아뵤오반점 짬뽕 5 6000 4 11 21 24 0 51 343
아뵤오반점 옛날볶음밥 5 5000 4 10 18 24 0 51 344
아뵤오반점 차돌불짬뽕 5 8900 4 10 18 24 0 51 345
신룽푸 미니전 5 3000 6 11 21 24 0 52 346
신룽푸 마라탕최소 5 7000 6 11 21 24 0 52 347
신룽푸 꿔바로우(소) 5 9900 6 11 21 24 0 52 348
신룽푸 마라반최소 5 10000 6 11 21 24 0 52 349
신룽푸 마라샹궈 5 15000 6 11 21 24 0 52 350
라화방 마라탕100g 5 28 1500 11 23 15 16.5 53 351
라화방 마라샹궈100g 5 28 3000 11 23 15 16.5 53 352
라화방 꿔바로우 5 28 12000 11 23 15 16.5 53 353
라화방 훠궈(2-3인분) 5 28 25000 11 23 15 16.5 53 354
구복만두 구복전통만두 5 24 6500 11 20 15 16 54 355
구복만두 김치만두 5 24 6500 11 20 15 16 54 356
구복만두 통새우만두 5 24 7500 11 20 15 16 54 357
구복만두 샤오롱바오 5 24 7500 11 20 15 16 54 358
신마라명가 마라탕100g 5 6 1500 11 22 15 16 55 359
신마라명가 마라샹궈100g 5 6 2500 11 22 15 16 55 360
신마라명가 볶음밥 5 6 6000 11 22 15 16 55 361
신마라명가 꿔바로우소 5 6 10000 11 22 15 16 55 362
신마라명가 꿔바로우대 5 6 16000 11 22 15 16 55 363
라사천마라탕 마라탕100g 5 6 1800 9 6 14.5 15.5 56 364
라사천마라탕 미니전 5 6 2000 9 6 14.5 15.5 56 365
라사천마라탕 마라반100g 5 6 2400 9 6 14.5 15.5 56 366
라사천마라탕 마라샹궈100g 5 6 3500 9 6 14.5 15.5 56 367
라사천마라탕 멘보샤(5pcs) 5 6 6000 9 6 14.5 15.5 56 368
라사천마라탕 꽃빵튀김 5 6 6000 9 6 14.5 15.5 56 369
라사천마라탕 볶음밥 3 5 7000 9 6 14.5 15.5 56 370
라사천마라탕 미니양꼬치 5 6 8000 9 6 14.5 15.5 56 371
라사천마라탕 꿔바로우소 5 6 10000 9 6 14.5 15.5 56 372
라사천마라탕 꿔바로우대 5 6 16000 9 6 14.5 15.5 56 373
라사천마라탕 마라롱샤 5 6 38000 9 6 14.5 15.5 56 374
국빈 짜장면 5 28 5500 10 20.5 24 0 57 375
국빈 간짜장 5 28 6500 10 20.5 24 0 57 376
국빈 짬뽕 5 28 6500 10 20.5 24 0 57 377
국빈 불짜장 5 28 7000 10 20.5 24 0 57 378
국빈 얼큰울면 5 28 8000 10 20.5 24 0 57 379
국빈 국빈특면 5 28 8000 10 20.5 24 0 57 380
국빈 중국냉면 5 28 9000 10 20.5 24 0 57 381
국빈 해물잡채밥 5 28 9000 10 20.5 24 0 57 382
국빈 불잡채밥 5 28 9000 10 20.5 24 0 57 383
국빈 고추잡채밥 5 28 9000 10 20.5 24 0 57 384
국빈 국빈특밥 5 28 9000 10 20.5 24 0 57 385
국빈 삼선차돌짬뽕 5 28 13000 10 20.5 24 0 57 386
국빈 탕수육 5 28 15000 10 20.5 24 0 57 387
국빈 잡채 5 28 20000 10 20.5 24 0 57 388
국빈 깐풍기 5 28 28000 10 20.5 24 0 57 389
국빈 라조기 5 28 30000 10 20.5 24 0 57 390
국빈 유산슬 5 28 35000 10 20.5 24 0 57 391
경성양꼬치 새우구이 5 28 11000 16 0 24 0 58 392
경성양꼬치 양꼬치 5 28 12000 16 0 24 0 58 393
경성양꼬치 양갈비 5 28 14000 16 0 24 0 58 394
경성양꼬치 양등심 5 28 20000 6 0 24 0 58 395
경성양꼬치 양고급갈비 5 28 24000 16 0 24 0 58 396
경성양꼬치 마라롱샤 5 28 27000 16 0 24 0 58 397
홈랜드 XO새우볶음밥 5 34 9000 17 23 24 0 59 398
홈랜드 야채볶음 5 34 9000 17 23 24 0 59 399
홈랜드 목이버섯오이무침 5 34 9000 17 23 24 0 59 400
홈랜드 가지튀김 5 34 16000 17 23 24 0 59 401
홈랜드 마파두부 5 34 17000 17 23 24 0 59 402
홈랜드 어향가지 5 34 18000 17 23 24 0 59 403
홈랜드 유린기 5 34 18000 17 23 24 0 59 404
홍짜장 짜장면 5 8 4500 11 21 24 0 59 405
홍짜장 짬뽕 5 8 5500 11 21 24 0 59 406
홍짜장 볶음밥 5 8 6000 11 21 24 0 59 407
홍짜장 쟁반짜장 5 8 7000 11 21 24 0 59 408
홍짜장 홍짜장덮밥 5 8 7000 11 21 24 0 59 409
홍짜장 홍짜장 5 8 7000 11 21 24 0 59 410
홍짜장 홍짬뽕 5 8 8000 11 21 24 0 59 411
홍짜장 홍탕수육 5 8 14000 11 21 24 0 59 412
홍짜장 짜장+탕수육소 5 8 15500 11 21 24 0 59 413
홍짜장 짬뽕+탕수육소 5 8 16500 11 21 24 0 59 414
버스컵떡볶이 원조떡볶이 2 6 3300 11.5 23 24 0 60 415
버스컵떡볶이 치즈떡볶이 2 6 4300 11.5 23 24 0 60 416
버스컵떡볶이 포테이토크림떡볶이 2 6 4300 11.5 23 24 0 60 417
버스컵떡볶이 컵감자 2 6 3500 11.5 23 24 0 60 418
버스컵떡볶이 컵튀김 2 6 4500 11.5 23 24 0 60 419
버스컵떡볶이 컵순대 2 6 3000 11.5 23 24 0 60 420
버스컵떡볶이 어묵탕 2 6 3000 11.5 23 24 0 60 421
달볶이 떡볶이 2 6 4000 11 22 24 0 61 422
달볶이 순대 2 6 4500 11 22 24 0 61 423
달볶이 어묵 2 3800 11 22 24 0 61 424
달볶이 꼬마김밥 2 6 3500 11 22 24 0 61 425
달볶이 모둠튀김 2 6 3500 11 22 24 0 61 426
달볶이 감자튀김 2 6 5000 11 22 24 0 61 427
달볶이 어묵튀김 2 6 3000 11 22 24 0 61 428
달볶이 오징어튀김 2 6 1000 11 22 24 0 61 429
달볶이 홈메뉴(DIY) 2 6 19000 11 22 24 0 61 430
와우신내떡 와우홀릭세트 2 16 13900 12 20.5 15 16 62 431
와우신내떡 혼떡만찬세트 2 16 8900 12 20.5 15 16 62 432
와우신내떡 와우떡볶이 2 16 4500 12 20.5 15 16 62 433
와우신내떡 튀김바스켓 2 16 5900 12 20.5 15 16 62 434
와우신내떡 갈릭후라이 2 16 4900 12 20.5 15 16 62 435
빨강떡볶이 빨강떡볶이 2 18 3500 11 20 24 0 63 436
빨강떡볶이 짜장떡볶이 2 18 3500 11 20 24 0 63 437
빨강떡볶이 치즈떡볶이 2 18 4500 11 20 24 0 63 438
빨강떡볶이 맛있는순대 2 18 3500 11 20 24 0 63 439
빨봉분식 1번세트 2 6 15000 11 22 24 0 64 440
빨봉분식 치즈떡볶이 2 6 6500 11 22 24 0 64 441
빨봉분식 빨본돈가스 4 6 7000 11 22 24 0 64 442
빨봉분식 생야채비빔밥 1 6 5500 11 22 24 0 64 443
빨봉분식 오므라이스 4 6 6500 11 22 24 0 64 444
신불떡볶이 토핑로제떡볶이 2 12 10000 11 23 24 0 65 445
신불떡볶이 알찬토핑떡볶이 2 12 9500 11 23 24 0 65 446
신불떡볶이 신불set 2 12 22500 11 23 24 0 65 447
신불떡볶이 흑미치즈볼 2 12 3000 11 23 24 0 65 448
신불떡볶이 쫀득찹살핫도그 2 12 3000 11 23 24 0 65 449
떡볶이대학교 떡볶이 2 32 4000 11 21 24 0 66 450
떡볶이대학교 피카츄 2 32 1200 11 21 24 0 66 451
떡볶이대학교 순대 2 32 4000 11 21 24 0 66 452
떡볶이대학교 메추리알튀김 2 32 1200 11 21 24 0 66 453
또와또 또와떡불 2 8 7000 10 21 24 0 67 454
또와또 모둠즉석떡볶이 2 8 8000 10 21 24 0 67 455
또와또 마약볶음밥 1 8 3000 10 21 24 0 67 456
두끼 일반 2 12 9900 11 22 24 0 68 457
두끼 학생 2 12 8900 11 22 24 0 68 458
두끼 소인 2 12 5900 11 22 24 0 68 459
베스트프랜드 반반맛떡볶이 2 6 15000 11 20.5 24 0 69 460
베스트프랜드 고추장떡볶이 2 6 15000 11 20.5 24 0 69 461
베스트프랜드 짜장떡볶이 2 6 15000 11 20.5 24 0 69 462
베스트프랜드 치즈떡볶이 2 6 15000 11 20.5 24 0 69 463
모두랑 옛날떡볶이2인 2 12 14000 11.5 22 24 0 70 464
모두랑 차돌떡볶이2인 2 12 18000 11.5 22 24 0 70 465
모두랑 로제떡볶이2인 2 12 19000 11.5 22 24 0 70 466
모두랑 치즈폭포떡볶이2인 2 12 18000 11.5 22 24 0 70 467
모두랑 허니버터갈릭감자튀김 2 12 5000 11.5 22 24 0 70 468
청년다방 차돌떡볶이 2 24 16500 11 22 24 0 71 469
청년다방 통큰오짱떡볶이 2 24 16500 11 22 24 0 71 470
청년다방 차새대떡볶이 2 24 23500 11 22 24 0 71 471
청년다방 피자로니떡볶이 2 24 16500 11 22 24 0 71 472
청년다방 로제떡볶이 2 24 18000 11 22 24 0 71 473
청년다방 치즈폭포순살떡볶이 2 24 18000 11 22 24 0 71 474
청년다방 버터갈릭감자튀김 2 24 5500 11 22 24 0 71 475
신전떡볶이 떡볶이 2 14 3500 11 22.5 24 0 72 476
신전떡볶이 튀김오뎅 2 14 1700 11 22.5 24 0 72 477
신전떡볶이 모듬튀김 2 14 6000 11 22.5 24 0 72 478
신전떡볶이 신전치즈컵밥 2 14 5500 11 22.5 24 0 72 479
이삭토스트 햄치즈토스트 2 10 2900 8 20 24 0 73 480
이삭토스트 햄치즈스페셜토스트 2 10 3300 8 20 24 0 73 481
다미만두 갈비만두 2 10 4000 11 23 24 0 74 482
다미만두 고기만두 2 10 4000 11 23 24 0 74 483
다미만두 김치만두 2 10 4000 11 23 24 0 74 484
다미만두 매운갈비만두 2 10 4000 11 23 24 0 74 485
포라임 얼큰소고기 8 6 9500 9.5 21 24 0 75 486
포라임 1인세트1번 8 6 8500 9.5 21 24 0 75 487
포라임 1인세트2번 8 6 9000 9.5 21 24 0 75 488
포라임 1인세트3번 8 6 9000 9.5 21 24 0 75 489
포라임 1인세트4번 8 6 9000 9.5 21 24 0 75 490
포36거리 포돈정식 8 6 9500 11 19 24 0 76 491
신머이베트남쌀국수 닭반마리쌀국수 8 14 7900 9 23 24 0 77 492
신머이베트남쌀국수 소고기쌀국수 8 14 7900 9 23 24 0 77 493
신머이베트남쌀국수 분짜 8 14 7900 9 23 24 0 77 494
사이공마켓 사이공정식 8 6 10000 11 21 15 17 78 495
사이공마켓 월남뽕 8 6 8000 11 21 15 17 78 496
사이공마켓 매운월남뽕 8 6 9000 11 21 15 17 78 497
사이공마켓 매운피쉬블롱 8 6 9500 11 21 15 17 78 498
사이공마켓 소고기팟타이 8 6 9500 11 21 15 17 78 499
사이공마켓 분짜 8 6 8000 11 21 15 17 78 500
사이공마켓 매운치킨볶음밥 8 6 8000 11 21 15 17 78 501
사이공마켓 돼지고기덮밥 8 6 9000 11 21 15 17 78 502
사이공마켓 매운돼지고기덮밥 8 6 9500 11 21 15 17 78 503
베나레스 런치세트 8 14 9000 11 21.5 24 0 79 504
베나레스 커플세트 8 14 24000 11 21.5 24 0 79 505
베나레스 시그니처세트 8 14 20000 11 21.5 24 0 79 506
베나레스 커리 8 14 6500 11 21.5 24 0 79 507
고씨네 돈까스카레 8 8 9000 11 22 24 0 80 508
고씨네 닭튀김카레 8 8 9000 11 22 24 0 80 509
고씨네 소고기카레 8 8 9000 11 22 24 0 80 510
고씨네 버섯카레 8 8 8000 11 22 24 0 80 511
엔와이84.8 토마토모짜렐라파니니 8 36 8900 10 20 24 0 81 512
엔와이84.8 리코타치즈샌드위치 8 36 8900 10 20 24 0 81 513
엔와이84.8 머슈룸파니니 8 36 8900 10 20 24 0 81 514
엔와이84.8 치킨파니니 8 36 8900 10 20 24 0 81 515
에이그레이트 수제샌드위치 8 6 3500 8.5 16 24 0 82 516
스타벅스숙대정문점 브렉퍼스트잉글리시머핀 9 2 4200 7 21 24 0 83 517
스타벅스숙대정문점 에그에그샌드위치 9 2 4400 7 21 24 0 83 518
스타벅스숙대정문점 단호박에그샌드위치 9 2 4900 7 21 24 0 83 519
스타벅스숙대정문점 베이컨치즈토마토 9 2 4900 7 21 24 0 83 520
스타벅스숙대정문점 바질토마토크림치즈베이글 9 2 5900 7 21 24 0 83 521
코피티암 카야토스트 8 10 3500 9.5 22 24 0 84 522
코피티암 치즈카야토스트 8 10 3700 9.5 22 24 0 84 523
코피티암 피넛버터토스트 8 10 3700 9.5 22 24 0 84 524
코피티암 헤이즐넛초코토스트 8 10 4000 9.5 22 24 0 84 525
베이글팩토리 크림치즈베이글 8 14 4000 8 20 24 0 85 526
베이글팩토리 햄치즈샌드위치 8 14 4000 8 20 24 0 85 527
베이글팩토리 연어샌드위치 8 14 4000 8 20 24 0 85 528
유캔두잇 햄치즈토스트 8 6 4200 11 23 24 0 86 529
유캔두잇 카야치즈토스트 8 6 4300 11 23 24 0 86 530
유캔두잇 카야버터토스트 8 6 4500 11 23 24 0 86 531
유캔두잇 누텔라바나나토스트 8 6 4500 11 23 24 0 86 532
유캔두잇 에그마요샌드위치 8 6 6000 11 23 24 0 86 533
유캔두잇 햄치즈샌드위치 8 6 6000 11 23 24 0 86 534
몽소 샌드위치 8 14 3800 8 21 24 0 87 535
몽소 무화과캄파뉴 8 14 6000 8 21 24 0 87 536
몽소 앙버터 8 14 5500 8 21 24 0 87 537
위드달걀빵 슈달(케찹) 8 8 2800 9.5 22 24 0 88 538
위드달걀빵 마요슈달 8 8 2800 9.5 22 24 0 88 539
위드달걀빵 올리브칠리슈달 8 8 3300 9.5 22 24 0 88 540
위드달걀빵 플레인달걀빵 8 8 3200 9.5 22 24 0 88 541
에그맛있다 클래식 8 12 2400 10 24 24 0 89 542
에그맛있다 크림치즈 8 12 2400 10 24 24 0 89 543
에그맛있다 카카오초코 8 12 2400 10 24 24 0 89 544
에그맛있다 호두 8 12 2400 10 24 24 0 89 545
에그맛있다 갈릭 8 12 2800 10 24 24 0 89 546
에그맛있다 애플시나몬 8 12 2800 10 24 24 0 89 547
에그맛있다 블루베리크림치즈 8 12 3400 10 24 24 0 89 548


